1846
1839
1823
1796
1751
1728
1720
1699
1688
1685
1697
1699
1705
1709
1719
1734
1724
1716
1711
1695
1676
1674
1683
1704
1730
1762
1777
1772
1773
1775
1766
1746
1733
1730
1737
1731
1726
1712
1700
1700
1694
1686
1695
1704
1718
1729
1718
1708
1695
1685
1683
1675
1680
1688
1693
1701
1706
1705
1701
1692
1677
1670
1678
1677
1675
1675
1681
1676
1652
1625
1617
1614
1613
1613
1626
1639
1661
1673
1676
1670
1666
1669
1671
1655
1650
1651
1631
1624
1636
1637
1637
1648
1658
1678
1678
1665
1652
1631
1616
1612
1604
1602
1607
1615
1610
1603
1591
1576
1561
1551
1549
1565
1583
1599
1625
1630
1631
1631
1619
1612
1609
1604
1607
1604
1601
1605
1600
1593
1596
1597
1593
1601
1613
1616
1612
1605
1614
1629
1637
1642
1633
1623
1613
1609
1608
1614
1606
1593
1588
1574
1561
1549
1544
1536
1524
1512
1514
1532
1538
1534
1540
1548
1559
1572
1582
1594
1605
1604
1609
1616
1630
1638
1641
1642
1641
1640
1633
1618
1617
1610
1606
1613
1610
1600
1603
1610
1619
1621
1623
1630
1639
1653
1656
1661
1667
1657
1650
1662
1670
1676
1691
1706
1723
1732
1734
1722
1722
1723
1723
1720
1729
1742
1740
1735
1732
1726
1723
1721
1711
1703
1708
1710
1702
1690
1686
1687
1698
1700
1694
1690
1691
1692
1698
1711
1721
1727
1736
1748
1755
1759
1751
1732
1724
1715
1700
1683
1668
1664
1663
1657
1651
1649
1644
1647
1653
1657
1656
1646
1636
1636
1640
1635
1618
1602
1591
1579
1565
1556
1551
1543
1534
1527
1520
1525
1535
1547
1562
1576
1582
1590
1607
1620
1639
1645
1647
1644
1642
1639
1633
1625
1620
1626
1623
1609
1593
1578
1567
1562
1559
1548
1543
1538
1540
1545
1547
1553
1564
1580
1603
1615
1618
1626
1635
1648
1669
1684
1704
1725
1735
1751
1760
1756
1758
1762
1762
1755
1748
1744
1735
1725
1712
1710
1713
1712
1707
1694
1679
1667
1660
1650
1646
1644
1644
1635
1622
1618
1617
1611
1613
1617
1614
1615
1619
1626
1641
1666
1699
1719
1732
1744
1754
1757
1751
1746
1746
1745
1739
1717
1699
1694
1683
1672
1667
1664
1653
1635
1624
1616
1619
1628
1624
1614
1603
1594
1585
1584
1586
1588
1595
1595
1587
1580
1582
1591
1599
1611
1619
1622
1621
1622
1624
1619
1602
1594
1597
1593
1594
1592
1585
1591
1605
1610
1616
1618
1617
1623
1627
1623
1615
1606
1610
1618
1631
1646
1657
1656
1656
1660
1657
1652
1647
1626
1601
1580
1564
1548
1536
1524
1505
1485
1470
1459
1442
1431
1429
1422
1417
1414
1410
1410
1419
1436
1452
1466
1480
1487
1490
1492
1494
1497
1503
1505
1510
1523
1533
1536
1540
1536
1540
1549
1554
1557
1559
1559
1557
1553
1546
1540
1532
1524
1517
1513
1505
1496
1494
1484
1474
1477
1476
1467
1455
1449
1445
1444
1460
1483
1504
1514
1523
1528
1540
1569
1588
1600
1610
1622
1638
1653
1657
1665
1665
1656
1646
1636
1630
1625
1627
1631
1626
1623
1618
1614
1615
1616
1606
1594
1592
1604
1616
1623
1637
1649
1655
1663
1676
1686
1695
1716
1732
1741
1746
1755
1765
1765
1763
1766
1770
1774
1774
1770
1761
1746
1727
1716
1707
1699
1691
1685
1683
1680
1678
1678
1677
1677
1677
1678
1682
1681
1680
1678
1677
1680
1679
1678
1681
1679
1687
1695
1700
1693
1672
1658
1654
1639
1617
1603
1595
1586
1574
1564
1560
1557
1556
1558
1547
1539
1540
1552
1569
1587
1606
1624
1635
1645
1645
1636
1627
1619
1613
1598
1587
1578
1565
1548
1538
1538
1532
1517
1506
1499
1496
1493
1491
1492
1492
1491
1494
1501
1508
1518
1525
1524
1512
1503
1492
1480
1482
1480
1466
1456
1444
1428
1416
1399
1392
1397
1397
1404
1414
1414
1418
1431
1451
1467
1486
1504
1526
1548
1564
1571
1571
1574
1575
1579
1589
1596
1598
1595
1586
1579
1572
1564
1558
1560
1561
1559
1561
1562
1561
1561
1567
1578
1587
1587
1582
1585
1591
1593
1594
1592
1590
1585
1571
1560
1557
1558
1558
1559
1559
1559
1554
1543
1536
1539
1548
1559
1566
1569
1571
1582
1590
1589
1593
1608
1632
1648
1667
1680
1681
1678
1684
1686
1683
1675
1662
1646
1634
1626
1621
1622
1623
1623
1619
1617
1616
1622
1640
1659
1670
1687
1713
1728
1737
1748
1768
1795
1820
1838
1850
1861
1865
1869
1875
1876
1866
1853
1834
1817
1804
1792
1778
1768
1761
1754
1744
1742
1747
1749
1756
1771
1783
1791
1800
1816
1833
1846
1861
1862
1863
1862
1855
1837
1822
1818
1814
1803
1797
1796
1784
1774
1767
1766
1766
1771
1781
1786
1780
1785
1797
1809
1820
1829
1831
1838
1840
1833
1825
1826
1820
1805
1791
1780
1759
1730
1708
1699
1690
1681
1677
1673
1672
1669
1667
1668
1676
1689
1700
1716
1733
1747
1761
1770
1770
1770
1771
1771
1769
1763
1749
1737
1724
1707
1687
1675
1666
1650
1625
1608
1598
1591
1589
1595
1607
1617
1630
1649
1662
1674
1692
1707
1712
1716
1724
1727
1718
1707
1699
1684
1670
1655
1641
1630
1617
1605
1587
1567
1553
1548
1549
1555
1563
1577
1583
1595
1607
1615
1626
1639
1653
1666
1666
1666
1669
1663
1653
1649
1638
1625
1616
1602
1578
1557
1546
1530
1516
1508
1497
1487
1486
1485
1489
1494
1498
1504
1507
1515
1531
1545
1558
1577
1596
1609
1610
1614
1614
1609
1609
1604
1595
1590
1584
1569
1552
1542
1538
1529
1512
1490
1471
1460
1457
1464
1466
1460
1457
1453
1445
1443
1445
1445
1442
1441
1440
1432
1429
1441
1453
1451
1446
1448
1452
1454
1460
1466
1474
1481
1492
1507
1522
1528
1530
1551
1570
1580
1599
1611
1613
1610
1603
1595
1584
1570
1561
1554
1538
1515
1496
1484
1467
1450
1432
1416
1411
1410
1409
1406
1413
1418
1425
1446
1458
1468
1481
1491
1507
1518
1526
1540
1547
1553
1559
1559
1560
1553
1547
1545
1539
1533
1533
1532
1532
1541
1554
1569
1584
1606
1612
1616
1625
1633
1642
1660
1683
1697
1698
1694
1695
1697
1693
1688
1684
1674
1664
1662
1655
1647
1644
1641
1640
1643
1646
1651
1660
1671
1688
1703
1707
1721
1740
1750
1762
1773
1778
1781
1787
1794
1794
1790
1778
1768
1757
1745
1732
1716
1704
1704
1700
1692
1692
1711
1729
1736
1745
1763
1776
1788
1800
1801
1798
1805
1805
1795
1783
1771
1761
1747
1720
1696
1676
1653
1629
1605
1584
1568
1561
1558
1548
1537
1537
1547
1565
1576
1585
1595
1614
1633
1652
1672
1684
1691
1696
1701
1703
1710
1716
1711
1696
1674
1651
1638
1619
1596
1578
1553
1531
1512
1488
1474
1459
1446
1438
1438
1438
1446
1460
1474
1493
1508
1517
1525
1537
1544
1547
1549
1552
1557
1554
1554
1557
1551
1545
1539
1532
1524
1510
1494
1492
1503
1504
1507
1518
1534
1550
1563
1582
1609
1630
1643
1654
1667
1673
1679
1687
1691
1697
1701
1699
1690
1672
1652
1637
1630
1617
1601
1588
1577
1568
1562
1560
1562
1565
1570
1573
1579
1586
1589
1588
1595
1602
1606
1612
1619
1622
1620
1613
1594
1567
1543
1531
1524
1513
1501
1492
1492
1504
1523
1535
1545
1564
1588
1605
1620
1641
1662
1677
1688
1701
1711
1714
1704
1693
1687
1671
1658
1648
1632
1610
1596
1582
1562
1541
1522
1513
1508
1509
1515
1524
1534
1541
1557
1581
1606
1634
1672
1703
1723
1733
1747
1761
1773
1792
1803
1801
1802
1795
1779
1765
1752
1737
1728
1723
1712
1704
1698
1696
1694
1691
1696
1701
1703
1700
1697
1699
1706
1715
1720
1712
1707
1704
1699
1693
1689
1678
1662
1651
1648
1650
1654
1660
1666
1668
1671
1673
1678
1689
1700
1718
1735
1745
1755
1764
1767
1781
1792
1796
1792
1784
1782
1776
1757
1732
1707
1675
1648
1620
1590
1561
1533
1512
1499
1487
1474
1468
1473
1475
1482
1500
1517
1530
1540
1553
1572
1593
1603
1609
1612
1609
1600
1587
1575
1566
1551
1531
1516
1500
1483
1468
1460
1455
1454
1456
1463
1475
1486
1500
1521
1549
1569
1585
1604
1618
1627
1631
1635
1639
1639
1642
1640
1634
1631
1625
1613
1605
1597
1590
1581
1578
1582
1584
1589
1608
1621
1633
1652
1674
1695
1712
1726
1739
1741
1736
1731
1732
1730
1726
1722
1708
1692
1684
1674
1661
1645
1626
1614
1614
1618
1623
1627
1635
1648
1656
1675
1693
1707
1711
1710
1719
1727
1728
1725
1720
1716
1707
1688
1669
1653
1633
1613
1599
1583
1567
1550
1531
1526
1524
1516
1522
1535
1548
1558
1564
1582
1611
1636
1654
1668
1686
1705
1718
1725
1731
1733
1735
1732
1718
1697
1679
1664
1646
1631
1625
1617
1589
1605
1612
1616
1615
1616
1626
1639
1633
1638
1647
1650
1659
1670
1678
1683
1683
1676
1672
1670
1669
1666
1663
1668
1674
1673
1679
1690
1701
1707
1710
1707
1702
1698
1700
1712
1728
1745
1757
1770
1788
1799
1808
1817
1825
1832
1833
1827
1815
1801
1787
1776
1763
1744
1722
1701
1681
1664
1653
1642
1636
1629
1620
1615
1612
1616
1630
1640
1649
1659
1671
1681
1686
1685
1686
1682
1674
1671
1658
1643
1636
1627
1615
1609
1594
1576
1563
1552
1538
1521
1518
1516
1512
1516
1527
1540
1557
1568
1582
1591
1596
1601
1603
1603
1596
1584
1575
1563
1550
1537
1508
1474
1445
1424
1409
1401
1392
1383
1382
1391
1408
1432
1459
1481
1501
1519
1539
1561
1571
1573
1577
1573
1564
1555
1546
1538
1524
1507
1489
1479
1475
1464
1456
1451
1449
1456
1464
1468
1474
1488
1502
1527
1555
1574
1595
1614
1631
1640
1645
1656
1663
1668
1669
1662
1649
1640
1627
1612
1604
1601
1596
1587
1575
1565
1563
1560
1556
1559
1570
1588
1599
1600
1608
1620
1629
1647
1661
1665
1673
1676
1669
1663
1658
1644
1622
1598
1581
1562
1543
1522
1511
1502
1492
1491
1490
1485
1485
1491
1503
1514
1530
1550
1561
1572
1588
1603
1615
1625
1621
1612
1605
1593
1577
1566
1561
1555
1542
1534
1527
1519
1510
1509
1517
1523
1525
1530
1537
1545
1554
1569
1590
1603
1612
1623
1627
1636
1648
1647
1648
1655
1660
1650
1633
1620
1610
1599
1585
1575
1569
1559
1544
1529
1523
1525
1528
1538
1550
1564
1577
1595
1613
1633
1651
1671
1683
1686
1687
1693
1697
1696
1696
1695
1693
1694
1686
1674
1670
1674
1679
1671
1657
1648
1650
1661
1668
1673
1673
1673
1679
1690
1705
1714
1719
1726
1726
1720
1714
1717
1714
1700
1680
1660
1637
1624
1614
1598
1590
1580
1569
1566
1560
1558
1562
1568
1581
1603
1621
1639
1662
1678
1687
1694
1697
1693
1679
1671
1661
1640
1625
1605
1590
1581
1576
1584
1589
1586
1591
1608
1622
1631
1641
1652
1663
1674
1685
1694
1704
1713
1717
1717
1722
1726
1724
1717
1711
1708
1698
1688
1677
1664
1650
1637
1624
1609
1596
1586
1580
1580
1585
1597
1611
1627
1643
1661
1683
1704
1721
1742
1762
1776
1786
1794
1803
1807
1805
1795
1782
1774
1767
1762
1764
1763
1755
1749
1749
1742
1735
1734
1735
1742
1744
1743
1742
1741
1743
1745
1749
1748
1741
1730
1721
1712
1702
1690
1673
1660
1653
1651
1644
1630
1625
1627
1632
1631
1620
1615
1628
1642
1642
1640
1642
1652
1660
1662
1668
1671
1665
1662
1659
1648
1641
1632
1620
1613
1600
1578
1558
1540
1517
1495
1485
1478
1468
1454
1451
1455
1458
1471
1491
1506
1516
1528
1546
1560
1569
1589
1614
1619
1613
1615
1618
1611
1601
1598
1587
1565
1553
1543
1531
1526
1530
1519
1507
1508
1509
1511
1510
1506
1506
1516
1528
1540
1547
1556
1570
1584
1603
1609
1610
1615
1613
1602
1600
1595
1582
1569
1559
1547
1537
1534
1534
1537
1546
1561
1586
1613
1636
1650
1661
1675
1679
1686
1702
1705
1696
1690
1691
1693
1694
1691
1685
1677
1668
1665
1665
1659
1655
1656
1656
1653
1649
1642
1640
1647
1653
1646
1642
1639
1634
1628
1614
1599
1597
1599
1598
1601
1604
1596
1593
1591
1595
1597
1600
1605
1609
1610
1604
1600
1601
1598
1609
1623
1630
1638
1647
1658
1668
1678
1685
1689
1696
1695
1695
1692
1687
1686
1685
1684
1682
1677
1669
1659
1655
1657
1660
1664
1676
1686
1691
1694
1697
1700
1705
1711
1722
1730
1740
1745
1748
1755
1760
1764
1773
1777
1775
1772
1764
1759
1757
1747
1737
1736
1731
1726
1722
1717
1715
1715
1712
1706
1703
1702
1706
1720
1735
1745
1752
1761
1757
1758
1766
1764
1761
1754
1747
1739
1732
1726
1722
1714
1704
1691
1674
1663
1661
1655
1645
1637
1625
1612
1603
1597
1593
1592
1587
1581
1579
1573
1564
1558
1552
1550
1546
1545
1538
1524
1514
1505
1489
1473
1461
1443
1428
1418
1413
1407
1400
1396
1384
1380
1387
1388
1391
1400
1410
1417
1424
1428
1434
1435
1434
1440
1447
1452
1453
1447
1441
1441
1448
1457
1465
1461
1449
1446
1446
1448
1450
1453
1454
1445
1427
1416
1414
1406
1399
1391
1381
1377
1368
1354
1338
1336
1338
1338
1333
1327
1324
1326
1335
1338
1343
1349
1358
1371
1394
1418
1441
1464
1485
1507
1531
1553
1574
1595
1608
1609
1604
1603
1608
1619
1632
1647
1661
1664
1660
1652
1645
1642
1638
1631
1621
1613
1612
1608
1600
1589
1584
1583
1576
1572
1570
1565
1567
1578
1583
1582
1582
1585
1592
1603
1617
1628
1633
1637
1641
1644
1648
1649
1645
1644
1649
1652
1654
1661
1673
1693
1709
1722
1737
1753
1768
1778
1775
1772
1777
1775
1764
1754
1750
1749
1744
1734
1725
1719
1711
1700
1694
1692
1690
1693
1694
1696
1702
1716
1726
1722
1729
1743
1749
1761
1773
1781
1788
1792
1787
1781
1767
1757
1755
1760
1756
1740
1731
1731
1737
1737
1729
1725
1735
1747
1760
1771
1783
1800
1819
1835
1845
1851
1857
1864
1870
1872
1866
1864
1856
1837
1818
1801
1792
1781
1763
1747
1738
1731
1721
1713
1707
1694
1687
1681
1672
1660
1654
1644
1631
1627
1632
1635
1636
1636
1634
1648
1642
1655
1674
1667
1659
1658
1669
1675
1672
1683
1680
1682
1685
1677
1675
1672
1665
1654
1648
1644
1644
1642
1636
1626
1622
1613
1607
1604
1596
1586
1585
1586
1577
1565
1558
1550
1533
1526
1535
1538
1532
1524
1513
1515
1518
1514
1525
1547
1574
1594
1607
1627
1652
1674
1695
1705
1706
1710
1719
1728
1739
1751
1761
1769
1763
1748
1737
1727
1708
1688
1673
1659
1641
1620
1605
1601
1601
1600
1592
1591
1599
1603
1596
1596
1603
1612
1620
1627
1635
1647
1664
1674
1685
1693
1694
1688
1681
1685
1691
1695
1699
1705
1713
1714
1701
1689
1681
1679
1675
1666
1659
1654
1648
1642
1637
1632
1630
1628
1628
1636
1631
1620
1608
1594
1589
1594
1594
1601
1602
1601
1606
1609
1616
1621
1618
1610
1612
1618
1623
1627
1636
1647
1650
1646
1639
1630
1616
1601
1591
1579
1562
1553
1551
1542
1529
1525
1528
1524
1521
1521
1524
1518
1516
1518
1516
1523
1538
1548
1551
1553
1553
1552
1548
1552
1553
1542
1538
1538
1528
1514
1512
1513
1501
1494
1483
1481
1480
1480
1478
1478
1488
1498
1501
1501
1498
1499
1503
1506
1514
1519
1520
1523
1529
1538
1546
1551
1562
1567
1561
1561
1564
1567
1566
1564
1556
1550
1545
1540
1537
1537
1534
1532
1531
1528
1530
1536
1540
1545
1549
1548
1544
1537
1532
1536
1545
1564
1574
1579
1585
1578
1570
1564
1555
1553
1563
1572
1570
1568
1572
1575
1579
1581
1589
1602
1607
1609
1617
1626
1634
1649
1663
1665
1668
1673
1675
1664
1649
1646
1652
1645
1634
1634
1644
1640
1654
1662
1660
1657
1645
1638
1645
1641
1660
1672
1684
1694
1689
1685
1698
1713
1719
1728
1737
1746
1754
1753
1746
1740
1733
1731
1733
1732
1729
1729
1725
1720
1718
1714
1709
1698
1681
1678
1681
1679
1688
1701
1708
1714
1711
1705
1704
1697
1692
1685
1676
1674
1669
1660
1652
1648
1646
1644
1636
1631
1633
1630
1621
1620
1620
1615
1617
1627
1631
1629
1622
1611
1601
1598
1604
1600
1592
1593
1598
1610
1620
1624
1622
1617
1607
1600
1595
1590
1588
1594
1600
1598
1597
1594
1591
1588
1581
1570
1560
1553
1556
1559
1561
1565
1570
1577
1588
1598
1605
1593
1583
1581
1572
1573
1577
1574
1569
1567
1572
1574
1577
1586
1596
1603
1600
1601
1615
1623
1617
1608
1611
1617
1618
1622
1621
1610
1591
1581
1574
1569
1563
1558
1558
1566
1567
1568
1569
1568
1568
1571
1571
1562
1554
1551
1546
1547
1551
1552
1556
1558
1568
1580
1585
1583
1579
1572
1568
1569
1574
1577
1577
1574
1570
1565
1562
1566
1565
1564
1572
1580
1585
1590
1598
1602
1604
1609
1610
1619
1628
1643
1662
1672
1673
1673
1672
1670
1676
1679
1673
1671
1665
1657
1650
1645
1638
1631
1628
1622
1617
1609
1612
1622
1615
1620
1633
1649
1668
1684
1701
1723
1734
1753
1772
1777
1782
1791
1784
1776
1786
1791
1791
1783
1780
1789
1785
1779
1781
1776
1766
1765
1763
1756
1748
1748
1747
1744
1735
1733
1743
1747
1750
1755
1752
1751
1760
1763
1770
1771
1769
1776
1778
1780
1786
1790
1795
1787
1766
1751
1744
1733
1728
1727
1718
1708
1703
1699
1688
1682
1683
1688
1696
1704
1708
1714
1724
1739
1741
1737
1739
1735
1726
1716
1714
1720
1722
1723
1725
1716
1709
1711
1706
1706
1704
1698
1693
1685
1671
1661
1659
1654
1649
1650
1645
1643
1643
1631
1622
1620
1619
1609
1588
1566
1551
1537
1527
1515
1508
1510
1516
1525
1526
1523
1515
1505
1507
1515
1516
1516
1522
1531
1538
1547
1556
1568
1583
1591
1604
1608
1601
1604
1609
1617
1627
1626
1617
1614
1606
1592
1577
1564
1555
1552
1540
1521
1509
1508
1509
1503
1500
1501
1505
1517
1523
1518
1521
1528
1537
1547
1554
1557
1552
1540
1529
1525
1525
1518
1500
1485
1477
1474
1475
1475
1480
1493
1496
1497
1504
1513
1515
1507
1501
1504
1509
1512
1507
1496
1494
1499
1504
1505
1502
1492
1485
1481
1464
1451
1432
1413
1405
1404
1413
1426
1439
1454
1469
1479
1491
1501
1498
1502
1513
1522
1534
1539
1544
1544
1536
1532
1530
1517
1500
1487
1474
1471
1474
1467
1466
1469
1468
1477
1483
1487
1495
1494
1499
1524
1553
1574
1578
1580
1584
1589
1596
1599
1591
1589
1592
1590
1579
1569
1562
1561
1568
1571
1573
1579
1587
1594
1601
1613
1630
1645
1656
1672
1690
1709
1734
1757
1772
1779
1788
1803
1812
1814
1805
1791
1777
1761
1754
1738
1714
1702
1702
1698
1695
1691
1674
1662
1661
1658
1655
1646
1638
1638
1629
1617
1611
1610
1611
1611
1605
1598
1598
1605
1613
1614
1609
1608
1612
1618
1618
1616
1614
1620
1636
1654
1660
1664
1677
1686
1683
1693
1717
1744
1766
1780
1794
1795
1794
1797
1800
1796
1780
1762
1751
1745
1739
1723
1711
1700
1694
1690
1677
1666
1661
1646
1642
1649
1645
1643
1647
1650
1659
1672
1675
1676
1674
1668
1662
1657
1655
1656
1652
1643
1639
1636
1630
1621
1618
1615
1606
1601
1602
1602
1596
1595
1605
1623
1643
1659
1671
1679
1695
1717
1727
1721
1722
1728
1726
1721
1713
1704
1693
1679
1660
1633
1608
1596
1591
1576
1558
1560
1564
1563
1569
1576
1573
1570
1572
1572
1579
1589
1607
1619
1616
1607
1602
1602
1604
1607
1612
1612
1602
1585
1573
1565
1558
1561
1575
1592
1602
1607
1611
1625
1638
1642
1642
1642
1648
1654
1654
1651
1652
1645
1634
1621
1607
1590
1571
1555
1537
1524
1524
1520
1511
1500
1498
1504
1513
1530
1552
1570
1589
1603
1615
1626
1639
1651
1663
1681
1686
1674
1654
1630
1617
1617
1623
1624
1616
1598
1581
1569
1564
1567
1567
1573
1590
1604
1615
1620
1619
1615
1622
1639
1648
1646
1649
1653
1656
1659
1666
1673
1673
1672
1669
1657
1646
1639
1624
1599
1569
1556
1556
1552
1548
1546
1541
1553
1565
1574
1583
1590
1602
1610
1614
1615
1618
1628
1628
1627
1636
1648
1654
1652
1646
1648
1655
1658
1657
1648
1637
1637
1644
1641
1627
1622
1628
1635
1634
1631
1634
1641
1648
1652
1656
1661
1667
1662
1650
1639
1627
1609
1583
1560
1543
1529
1514
1500
1484
1471
1470
1470
1474
1481
1500
1532
1559
1582
1610
1639
1673
1698
1716
1731
1736
1730
1720
1708
1689
1665
1639
1617
1607
1598
1580
1561
1544
1527
1511
1511
1516
1516
1523
1544
1565
1586
1610
1633
1662
1686
1709
1731
1745
1753
1761
1760
1761
1760
1751
1733
1712
1689
1676
1677
1677
1670
1658
1649
1649
1662
1665
1668
1672
1684
1699
1707
1720
1739
1764
1788
1812
1827
1828
1832
1843
1853
1854
1854
1848
1835
1820
1803
1783
1758
1743
1735
1714
1693
1681
1672
1667
1666
1671
1679
1687
1695
1704
1706
1702
1710
1725
1744
1762
1773
1766
1759
1758
1755
1753
1748
1735
1722
1704
1688
1685
1686
1681
1666
1658
1652
1643
1642
1648
1654
1647
1644
1657
1666
1663
1655
1653
1644
1628
1627
1624
1609
1588
1576
1570
1562
1550
1529
1508
1496
1490
1484
1481
1477
1476
1484
1493
1509
1532
1554
1582
1610
1634
1667
1700
1727
1744
1755
1765
1768
1759
1748
1717
1695
1658
1627
1598
1566
1551
1529
1506
1504
1498
1486
1493
1498
1484
1474
1476
1475
1491
1510
1519
1538
1559
1571
1574
1579
1593
1605
1617
1640
1671
1684
1681
1677
1670
1655
1648
1644
1631
1626
1635
1635
1625
1634
1652
1668
1676
1682
1697
1714
1729
1747
1754
1746
1738
1741
1735
1716
1697
1680
1672
1659
1645
1641
1639
1640
1651
1659
1656
1665
1679
1690
1699
1710
1719
1722
1732
1740
1732
1729
1725
1726
1723
1721
1709
1699
1696
1696
1701
1706
1703
1694
1687
1674
1663
1660
1657
1656
1659
1659
1668
1686
1697
1702
1706
1723
1756
1794
1824
1843
1847
1845
1844
1846
1833
1806
1766
1734
1708
1668
1622
1594
1578
1575
1575
1571
1563
1563
1576
1586
1595
1621
1653
1679
1703
1724
1740
1753
1759
1762
1766
1764
1756
1754
1743
1732
1728
1721
1711
1701
1689
1665
1646
1639
1628
1610
1601
1596
1588
1576
1569
1574
1576
1578
1586
1594
1594
1586
1581
1581
1577
1563
1545
1517
1484
1459
1438
1427
1421
1411
1394
1384
1393
1405
1418
1430
1453
1478
1491
1496
1503
1513
1529
1542
1547
1534
1524
1527
1518
1489
1457
1428
1397
1357
1319
1292
1267
1226
1180
1143
1110
1064
1023
1006
1003
1018
1033
1049
1071
1097
1132
1172
1209
1243
1285
1327
1350
1362
1362
1355
1362
1369
1366
1349
1308
1267
1227
1186
1153
1130
1117
1105
1103
1100
1090
1084
1096
1107
1114
1128
1160
1215
1269
1334
1416
1493
1553
1600
1646
1671
1653
1614
1580
1551
1520
1474
1418
1388
1375
1372
1393
1421
1442
1456
1451
1446
1435
1399
1363
1313
1245
1325
1434
1414
1490
1691
1806
1873
1980
2080
2114
2033
1966
1961
1835
1653
1598
1543
1403
1337
1383
1442
1503
1583
1741
1899
1969
2058
2190
2224
2205
2242
2239
2141
2035
1962
1867
1718
1566
1451
1317
1143
1010
892
774
746
905
1188
1202
1421
1795
2044
2125
2289
2463
2510
2353
2202
2167
1970
1652
1531
1476
1292
1192
1249
1357
1456
1587
1799
2036
2131
2190
2326
2335
2222
2161
2073
1918
1782
1683
1633
1619
1641
1733
1842
1925
2020
2127
2181
2220
2272
2265
2188
2080
1913
1698
1462
1238
1003
719
575
634
904
957
982
1450
1864
2001
2194
2482
2608
2523
2386
2372
2270
1905
1642
1591
1391
1162
1159
1257
1324
1399
1543
1819
2008
2068
2247
2404
2334
2271
2269
2166
1998
1853
1735
1644
1529
1443
1470
1480
1484
1604
1723
1755
1806
1841
1809
1723
1593
1435
1231
959
727
705
917
838
943
1402
1676
1789
2034
2284
2421
2338
2211
2228
2048
1607
1382
1291
973
789
829
923
1026
1184
1453
1795
1963
2110
2386
2498
2445
2477
2447
2233
2013
1843
1662
1462
1276
1225
1233
1179
1215
1351
1418
1445
1531
1598
1571
1502
1441
1291
1068
846
711
543
469
701
889
1045
1348
1784
2077
2278
2446
2657
2651
2456
2285
2126
1795
1451
1207
1055
952
936
1058
1284
1551
1842
2214
2555
2756
2932
3061
3022
2872
2686
2436
2121
1779
1503
1287
1095
999
999
1030
1099
1220
1343
1437
1511
1514
1425
1361
1235
1034
861
681
461
377
592
871
999
1340
1861
2234
2430
2667
2914
2963
2736
2546
2392
2022
1581
1343
1138
906
866
1019
1234
1473
1812
2232
2577
2808
3065
3217
3142
2996
2827
2542
2195
1876
1593
1335
1146
1052
1031
1055
1106
1230
1319
1381
1542
1604
1538
1546
1505
1388
1262
1136
1006
842
743
818
767
727
988
1212
1255
1434
1803
2369
2412
2298
2751
2819
2449
2331
2355
2074
1776
1556
1552
1493
1298
1436
1783
1843
2020
2442
2659
2777
2932
3005
2993
2863
2676
2573
2367
2107
2027
1946
1804
1800
1827
1785
1771
1735
1667
1563
1376
1171
923
627
342
112
2
0
0
0
0
0
110
793
1254
1616
2698
3206
3262
3262
3263
3275
3079
2622
2280
1733
789
291
163
27
0
108
497
999
1431
2011
2697
3029
3137
3256
3231
3078
2932
2609
2168
1795
1503
1349
1258
1200
1436
1699
1857
2193
2533
2645
2726
2748
2609
2383
2083
1765
1421
1009
638
370
105
0
0
0
0
0
0
0
0
0
8
168
802
1484
1451
2016
2706
2904
2827
3006
3062
2939
2418
2118
1993
1448
909
908
838
624
810
1156
1469
1786
2153
2505
2777
2793
2861
2935
2702
2504
2494
2271
2045
1990
1902
1855
1862
1910
2054
2131
2182
2334
2362
2265
2221
2234
2126
1860
1679
1507
1246
950
642
420
252
51
0
0
0
0
0
0
0
0
159
795
1135
1493
2181
2858
3126
3124
3257
3270
3148
2830
2438
2006
1421
887
665
498
462
602
949
1359
1786
2245
2754
3018
3163
3270
3224
3040
2817
2533
2281
2052
1844
1768
1703
1678
1778
1930
2069
2268
2429
2521
2568
2515
2387
2213
1936
1605
1263
874
479
148
0
0
0
0
0
0
0
0
0
0
110
680
1393
2009
2784
3181
3268
3262
3261
3269
3213
2915
2448
1897
1292
801
544
326
271
481
807
1196
1658
2130
2800
3234
3249
3257
3261
3265
3256
3024
2683
2377
1932
1706
1625
1414
1429
1625
1712
1907
2129
2248
2382
2422
2330
2235
2013
1700
1405
999
577
343
213
45
0
0
0
0
0
0
0
0
22
323
858
1396
2043
2705
3116
3263
3263
3262
3268
3126
2796
2415
1868
1344
972
707
519
495
641
941
1240
1630
2113
2522
2891
3078
3205
3272
3159
2944
2762
2468
2192
1969
1875
1798
1714
1759
1909
1985
2096
2260
2368
2386
2378
2371
2264
2064
1852
1599
1287
975
664
342
71
0
0
0
0
0
0
0
0
0
0
0
381
1043
1484
2232
2856
3198
3259
3258
3265
3259
3063
2741
2352
1837
1353
1078
825
718
823
1144
1378
1613
2049
2439
2829
3034
2997
3147
3092
2745
2531
2273
1968
1788
1545
1496
1641
1611
1736
2043
2193
2382
2584
2657
2752
2726
2572
2454
2239
1919
1649
1329
984
677
354
105
1
0
0
0
0
0
0
0
0
0
19
421
986
1506
2349
3028
3138
3185
3265
3264
3269
3123
2837
2548
1953
1461
1240
953
772
790
860
1099
1409
1658
2039
2367
2535
2708
2870
2852
2742
2633
2483
2293
2060
1862
1776
1768
1733
1740
1857
1979
2072
2184
2283
2378
2369
2270
2193
2088
1856
1618
1381
1102
836
558
312
112
5
0
0
0
0
0
0
0
0
29
459
1066
1445
2050
2681
3103
3201
3256
3262
3264
3252
3072
2761
2363
1842
1493
1185
962
799
778
887
1093
1315
1644
1999
2278
2527
2741
2919
3038
2983
2930
2872
2682
2446
2266
2088
1989
1886
1797
1850
1934
1955
2049
2156
2232
2292
2304
2278
2231
2092
1904
1698
1428
1142
863
587
360
177
35
0
0
0
0
0
0
29
360
864
1104
1421
1977
2509
2696
2851
3102
3253
3255
3178
3132
3074
2733
2360
2183
2033
1771
1539
1493
1504
1442
1407
1562
1711
1746
1800
1954
2059
2079
2096
2167
2181
2063
1970
1965
1969
1922
1896
1935
1978
1950
1956
2034
2099
2117
2147
2205
2232
2200
2153
2109
2015
1875
1746
1633
1514
1389
1266
1181
1124
1066
995
945
925
896
848
804
807
872
988
1010
1026
1140
1324
1415
1461
1590
1818
1996
2070
2147
2286
2389
2363
2327
2349
2382
2329
2247
2205
2198
2135
2047
1989
1969
1920
1837
1784
1750
1689
1621
1605
1605
1567
1539
1587
1652
1693
1728
1802
1882
1916
1921
1941
1934
1870
1780
1696
1597
1478
1432
1343
1144
1092
1105
1039
1033
1037
998
998
962
899
842
788
730
731
819
970
948
983
1080
1196
1228
1313
1433
1641
1790
1815
1850
1992
2077
2026
2022
2087
2126
2085
2055
2042
2059
2013
1942
1903
1914
1872
1776
1715
1706
1677
1608
1577
1589
1600
1582
1595
1646
1685
1699
1746
1790
1807
1810
1805
1802
1787
1737
1686
1662
1644
1637
1644
1661
1653
1625
1577
1521
1516
1632
1541
1277
1058
855
601
365
144
0
0
13
30
56
239
538
967
1257
1573
1942
2445
2694
2847
2972
3177
3199
3087
2923
2841
2664
2380
2078
1871
1678
1423
1190
1066
1042
1004
965
1008
1172
1264
1387
1523
1722
1906
2030
2115
2304
2399
2473
2538
2569
2562
2537
2442
2378
2291
2147
2027
1928
1809
1688
1584
1497
1459
1370
1270
1200
1108
990
918
795
682
565
416
308
202
47
80
303
388
474
717
1034
1428
1669
1891
2303
2696
2836
2972
3115
3241
3198
3029
2878
2806
2593
2327
2080
1917
1741
1538
1354
1306
1269
1202
1247
1359
1436
1563
1672
1814
1989
2068
2152
2310
2381
2408
2464
2478
2483
2438
2336
2265
2177
2035
1935
1849
1745
1628
1518
1448
1387
1273
1156
1069
991
885
757
649
539
422
263
115
25
0
0
15
67
90
301
574
979
1322
1555
1857
2372
2634
2745
2883
3063
3132
3045
2871
2779
2678
2403
2125
1901
1739
1515
1275
1111
1099
1028
1012
1065
1135
1267
1396
1518
1682
1838
1933
2087
2234
2354
2437
2528
2565
2564
2492
2410
2317
2209
2061
1904
1763
1622
1471
1349
1253
1148
1059
970
919
832
765
684
583
496
391
237
131
45
0
0
65
135
181
440
717
1138
1435
1681
2026
2517
2723
2842
2973
3135
3127
2980
2811
2705
2547
2271
1983
1746
1606
1395
1165
1056
1082
1064
1062
1100
1232
1364
1485
1578
1729
1926
2069
2147
2281
2439
2486
2518
2515
2466
2420
2328
2169
2086
1980
1803
1674
1585
1473
1374
1266
1156
1133
1063
946
858
783
675
591
446
337
257
110
4
0
56
173
149
371
785
1244
1562
1872
2196
2661
2936
2986
3050
3176
3148
2867
2611
2448
2292
1973
1725
1543
1438
1292
1147
1085
1161
1249
1266
1373
1577
1764
1902
2026
2182
2372
2477
2495
2588
2660
2513
2510
2697
2648
2468
2344
2203
1966
1709
1562
1547
1400
1242
1256
1242
1019
893
844
663
393
185
64
1
0
0
0
0
0
94
287
401
1371
2424
3004
3067
3221
3269
3260
3260
3268
3271
2867
1961
1454
961
191
0
0
0
7
159
666
1284
1711
2350
3005
3266
3265
3259
3263
3237
3204
3109
2675
2152
1819
1661
1417
1261
1314
1524
1596
1755
2153
2403
2451
2640
2758
2574
2346
2077
1664
1112
542
87
0
0
0
0
0
0
0
0
0
242
744
1951
3153
3295
3261
3261
3260
3260
3261
3283
3161
2350
1238
430
41
0
0
0
0
31
492
1301
2124
2786
3202
3274
3261
3260
3261
3263
3271
3122
2506
1776
1334
1034
815
801
1014
1344
1723
2176
2686
3017
3201
3264
3263
3267
3160
2791
2292
1752
1154
545
103
0
0
0
0
0
0
0
0
0
7
476
1149
1965
3043
3298
3262
3261
3260
3261
3264
3284
3039
2149
1221
576
118
0
0
0
0
80
660
1391
2049
2703
3159
3274
3262
3260
3260
3260
3272
3224
2819
2267
1863
1621
1465
1330
1433
1730
1926
2227
2658
2907
3101
3250
3270
3219
3018
2675
2264
1731
1155
633
146
0
0
0
0
0
0
0
0
0
304
782
1654
2972
3293
3262
3261
3260
3261
3260
3268
3264
2871
2116
1416
701
127
0
0
0
31
399
874
1449
2123
2756
3203
3273
3261
3261
3261
3261
3265
3243
3086
2765
2391
2155
1843
1719
1765
1709
1807
2082
2202
2386
2655
2704
2733
2722
2541
2285
1968
1516
1079
553
120
0
0
0
0
0
0
0
0
34
155
1047
2090
2780
3223
3253
3263
3260
3260
3260
3264
3276
3100
2561
1883
1192
913
567
331
321
486
579
904
1241
1609
2014
2490
2812
3003
3239
3269
3261
3263
3224
3146
2972
2652
2540
2418
2114
1915
1955
1789
1699
1769
1799
1784
1815
1791
1795
1723
1562
1448
1231
942
731
500
192
9
0
0
0
0
0
1
99
200
825
1455
1786
2087
2596
2880
3072
3261
3257
3261
3269
3162
2927
2697
2369
2153
1836
1608
1427
1326
1176
1204
1156
1269
1456
1506
1636
1898
2019
2170
2409
2457
2608
2725
2678
2663
2677
2465
2367
2244
1978
1797
1710
1482
1383
1340
1237
1227
1283
1264
1306
1342
1296
1285
1271
1151
1106
1039
932
870
784
717
637
550
445
393
487
682
665
811
1068
1256
1433
1720
1929
2206
2433
2541
2653
2780
2767
2703
2665
2545
2397
2222
2048
1875
1730
1574
1514
1429
1406
1463
1565
1661
1817
1946
2102
2194
2273
2325
2345
2305
2227
2136
2031
1904
1783
1666
1540
1466
1430
1379
1374
1399
1401
1444
1497
1518
1549
1565
1557
1576
1563
1510
1473
1430
1363
1306
1251
1173
1096
1040
984
931
905
909
961
1063
1135
1250
1405
1536
1664
1801
1899
2012
2103
2133
2146
2142
2088
2018
1945
1874
1824
1789
1787
1799
1820
1851
1899
1930
1945
1936
1929
1891
1830
1775
1710
1627
1559
1503
1446
1412
1411
1415
1427
1456
1493
1526
1553
1568
1595
1612
1602
1598
1594
1572
1548
1519
1481
1445
1419
1385
1357
1334
1316
1305
1300
1300
1306
1315
1332
1358
1387
1419
1443
1472
1507
1522
1526
1527
1517
1506
1508
1508
1508
1519
1545
1580
1612
1650
1706
1759
1806
1860
1902
1923
1936
1941
1929
1897
1851
1803
1741
1671
1612
1558
1511
1491
1479
1477
1488
1500
1515
1541
1562
1567
1563
1555
1544
1540
1525
1510
1507
1501
1489
1488
1488
1490
1494
1493
1484
1472
1461
1450
1451
1458
1470
1484
1498
1503
1520
1537
1552
1567
1570
1557
1549
1549
1551
1544
1542
1547
1550
1557
1563
1581
1614
1652
1693
1723
1739
1750
1759
1754
1746
1747
1735
1717
1699
1682
1665
1655
1650
1644
1628
1617
1617
1610
1601
1593
1596
1599
1590
1577
1574
1568
1565
1572
1582
1604
1618
1636
1663
1683
1696
1717
1729
1734
1743
1742
1722
1696
1676
1647
1617
1607
1596
1585
1576
1564
1557
1560
1564
1567
1578
1592
1601
1607
1616
1634
1636
1620
1611
1611
1599
1585
1575
1566
1548
1526
1529
1538
1533
1543
1570
1597
1626
1663
1701
1723
1743
1762
1766
1744
1720
1716
1704
1679
1666
1657
1640
1629
1636
1652
1662
1675
1691
1711
1734
1754
1764
1775
1785
1788
1790
1773
1752
1736
1717
1688
1645
1608
1596
1582
1566
1565
1585
1604
1612
1622
1649
1675
1686
1703
1732
1751
1754
1752
1756
1749
1721
1685
1652
1637
1624
1616
1611
1615
1629
1648
1687
1736
1785
1837
1883
1930
1979
1993
1986
1975
1949
1894
1841
1784
1717
1664
1633
1615
1608
1617
1625
1666
1700
1709
1729
1753
1777
1785
1773
1746
1724
1715
1693
1653
1609
1587
1575
1559
1535
1523
1533
1560
1565
1575
1601
1631
1635
1652
1685
1721
1743
1752
1746
1756
1760
1768
1763
1738
1716
1698
1690
1686
1685
1679
1672
1671
1689
1703
1719
1734
1743
1750
1756
1759
1750
1739
1730
1716
1690
1670
1652
1636
1611
1618
1614
1606
1618
1646
1671
1688
1715
1742
1754
1774
1779
1778
1771
1764
1744
1724
1699
1669
1635
1611
1593
1583
1574
1564
1568
1582
1590
1599
1611
1618
1619
1637
1648
1657
1655
1662
1657
1645
1637
1638
1629
1633
1641
1645
1643
1647
1664
1686
1700
1703
1708
1713
1709
1698
1684
1660
1634
1613
1586
1558
1534
1512
1492
1476
1464
1459
1456
1463
1481
1506
1536
1565
1589
1599
1604
1608
1603
1591
1577
1553
1523
1498
1480
1465
1455
1446
1444
1447
1443
1439
1447
1461
1485
1514
1538
1553
1560
1562
1564
1568
1568
1559
1553
1552
1552
1551
1552
1550
1553
1567
1578
1579
1572
1571
1571
1560
1557
1554
1546
1545
1549
1548
1543
1550
1562
1569
1573
1577
1580
1579
1575
1576
1582
1593
1605
1629
1659
1683
1702
1715
1714
1708
1703
1696
1683
1664
1651
1635
1617
1613
1622
1629
1635
1641
1648
1664
1696
1724
1745
1776
1814
1836
1846
1852
1847
1833
1816
1795
1772
1753
1746
1744
1743
1742
1738
1739
1747
1755
1756
1752
1747
1744
1751
1754
1752
1752
1760
1766
1763
1757
1748
1730
1711
1693
1681
1668
1657
1650
1650
1647
1649
1648
1648
1668
1691
1709
1715
1719
1726
1726
1723
1722
1720
1708
1694
1687
1683
1686
1696
1699
1701
1704
1700
1695
1699
1704
1707
1702
1696
1699
1702
1704
1709
1705
1692
1685
1682
1678
1683
1682
1678
1673
1669
1672
1672
1688
1726
1803
1962
1951
1822
1742
1750
1773
1810
1891
1869
1818
1843
2039
2121
1893
1682
1742
1923
1971
1981
1915
1857
1805
1829
1920
1938
1787
1685
1795
2005
2079
1893
1665
1682
1840
1911
1814
1658
1627
1668
1743
1661
1589
1526
1569
1650
1835
1881
1873
1779
1762
1792
1745
1622
1528
1486
1543
1543
1485
1473
1499
1575
1605
1619
1624
1642
1642
1553
1521
1575
1655
1528
1460
1500
1646
1587
1451
1369
1377
1517
1597
1556
1591
1536
1531
1574
1714
1706
1632
1595
1649
1696
1590
1495
1486
1499
1347
1295
1368
1511
1547
1439
1473
1529
1591
1521
1412
1420
1461
1498
1575
1458
1403
1415
1530
1443
1299
1211
1381
1458
1379
1251
1241
1289
1407
1470
1394
1261
1292
1482
1570
1344
1156
1217
1405
1341
1181
1158
1394
1617
1597
1419
1332
1412
1639
1810
1661
1418
1301
1445
1660
1632
1331
1148
1270
1544
1651
1464
1195
1167
1356
1615
1654
1401
1111
1172
1461
1650
1572
1398
1423
1639
1813
1686
1449
1288
1361
1425
1400
1317
1337
1368
1354
1246
1176
1186
1288
1359
1367
1309
1318
1398
1474
1446
1359
1411
1595
1636
1529
1403
1434
1488
1517
1512
1520
1546
1613
1646
1691
1666
1605
1533
1449
1452
1563
1741
1707
1374
925
794
1107
1585
1723
1464
1068
948
1104
1316
1436
1449
1377
1340
1364
1479
1603
1621
1532
1449
1369
1371
1397
1318
1303
1796
2577
3170
3000
2158
1395
1275
1930
2779
3145
2771
2015
1578
1846
2487
2865
2614
1959
1451
1406
1800
2120
2101
1716
1387
1328
1569
1803
1856
1617
1325
1196
1328
1563
1717
1684
1537
1402
1369
1488
1593
1589
1486
1358
1358
1351
1404
1455
1445
1375
1366
1443
1540
1467
1280
1125
1171
1312
1397
1297
1119
981
1066
1276
1441
1410
1290
1155
1119
1315
1521
1578
1433
1284
1274
1431
1522
1557
1471
1415
1393
1473
1534
1553
1478
1344
1225
1236
1368
1501
1568
1579
1563
1543
1605
1710
1752
1692
1580
1511
1459
1358
1274
1300
1469
1608
1623
1539
1505
1501
1601
1694
1736
1676
1521
1356
1307
1450
1646
1776
1758
1641
1558
1511
1573
1699
1842
1912
1863
1766
1709
1696
1761
1876
1965
1989
1919
1802
1703
1647
1683
1747
1802
1832
1793
1717
1634
1553
1511
1492
1542
1691
1891
2085
2183
2176
2089
1991
1907
1919
2011
2122
2174
2194
2219
2263
2313
2326
2289
2212
2151
2185
2259
2286
2216
2070
1915
1844
1838
1870
1886
1857
1790
1735
1710
1708
1744
1782
1781
1743
1666
1584
1566
1624
1696
1711
1635
1524
1434
1425
1525
1747
1933
1929
1683
1386
1228
1299
1512
1714
1752
1646
1515
1481
1565
1669
1718
1672
1596
1537
1563
1627
1698
1712
1714
1679
1647
1628
1623
1616
1625
1622
1617
1560
1524
1506
1506
1498
1521
1591
1675
1708
1743
1734
1737
1737
1734
1753
1820
1871
1928
1933
1918
1865
1779
1700
1697
1769
1853
1878
1824
1727
1663
1652
1698
1749
1747
1725
1687
1662
1664
1661
1667
1659
1638
1603
1610
1658
1743
1797
1803
1738
1661
1621
1630
1644
1637
1595
1541
1500
1480
1485
1485
1509
1545
1562
1520
1488
1463
1460
1478
1517
1529
1527
1546
1581
1598
1560
1477
1384
1312
1301
1377
1469
1509
1461
1375
1324
1340
1383
1423
1400
1338
1259
1207
1192
1234
1294
1359
1407
1428
1419
1402
1394
1379
1381
1397
1414
1392
1349
1301
1310
1356
1414
1411
1356
1285
1285
1325
1387
1457
1509
1504
1454
1395
1379
1434
1528
1628
1701
1714
1652
1593
1577
1621
1663
1691
1677
1637
1576
1529
1488
1503
1563
1661
1703
1675
1589
1526
1517
1581
1647
1688
1690
1665
1648
1649
1677
1729
1789
1820
1793
1734
1686
1701
1751
1773
1747
1664
1571
1517
1502
1514
1502
1468
1423
1375
1335
1329
1332
1356
1399
1461
1529
1603
1682
1777
1871
1949
2011
2080
2152
2215
2255
2251
2202
2141
2107
2114
2138
2145
2140
2127
2125
2129
2130
2111
2081
2071
2093
2113
2100
2043
1979
1937
1920
1894
1831
1722
1599
1465
1306
1116
921
751
609
463
309
150
25
0
0
0
0
0
0
138
891
2090
2957
3256
3268
3260
3256
3229
3196
3180
2950
2473
1686
1021
537
459
714
1171
1596
1962
2199
2435
2738
3065
3254
3273
3240
2998
2543
2163
1990
2023
2216
2344
2390
2293
2179
2158
2295
2474
2644
2630
2448
2170
1875
1614
1416
1177
861
450
85
0
0
0
0
0
0
0
0
0
274
1594
2958
3297
3265
3261
3261
3261
3267
3270
2928
2109
1009
133
0
0
69
569
1203
1664
2039
2357
2809
3194
3271
3269
3258
2935
2379
1923
1599
1425
1301
1154
1042
1051
1224
1627
2220
2910
3250
3269
3271
3184
2863
2579
2379
2261
2007
1681
1295
960
734
633
493
274
61
0
0
0
0
0
0
0
0
0
519
2000
3130
3293
3261
3260
3260
3260
3275
3239
2664
1539
458
0
0
16
293
745
1141
1612
2270
2931
3244
3268
3262
3271
3171
2815
2531
2295
1941
1560
1204
1006
1108
1444
1824
2194
2498
2877
3193
3267
3267
3258
3028
2601
2224
2074
1997
1875
1616
1267
958
768
646
492
249
35
0
0
0
0
0
0
0
0
357
1581
2899
3295
3266
3261
3261
3261
3276
3219
2553
1424
568
85
41
81
87
280
712
1467
2402
3129
3282
3262
3260
3261
3273
3184
2788
2211
1555
1155
1086
1175
1258
1336
1398
1638
2109
2673
3158
3276
3260
3186
3020
2849
2697
2404
2030
1667
1470
1392
1330
1153
886
613
419
280
113
13
0
0
0
0
0
0
0
248
1206
2381
3067
3227
3263
3261
3259
3273
3231
2745
1970
1525
1170
784
438
185
372
974
1643
2187
2595
2853
3126
3267
3266
3269
3083
2680
2410
2135
1813
1486
1236
1101
1203
1372
1558
1759
2066
2564
2994
3169
3068
2909
2785
2691
2423
2051
1682
1474
1386
1261
985
698
525
470
424
204
26
0
0
0
0
0
0
0
0
188
927
1632
2148
2681
3160
3277
3261
3266
3221
3054
2751
2226
1459
784
593
624
619
640
824
1269
1881
2307
2481
2659
2901
3171
3216
2929
2605
2465
2328
2022
1541
1157
1120
1246
1332
1386
1581
2044
2466
2621
2617
2639
2715
2710
2449
2131
1952
1838
1624
1280
928
770
724
592
393
210
80
18
4
0
0
0
0
0
0
45
528
1015
1293
1732
2470
3058
3205
3116
3198
3276
3193
2854
2344
1990
1887
1672
1276
1065
1196
1406
1532
1587
1760
2111
2475
2623
2638
2747
2959
2976
2748
2378
2169
2063
1871
1541
1365
1350
1462
1574
1614
1703
1939
2153
2247
2244
2217
2264
2284
2132
1895
1693
1525
1341
1171
979
875
794
695
616
556
545
548
544
506
523
557
581
643
768
934
1051
1162
1296
1496
1661
1758
1858
2005
2138
2219
2258
2288
2355
2413
2425
2412
2419
2437
2449
2417
2355
2290
2236
2177
2113
2043
1959
1909
1906
1885
1835
1805
1801
1802
1803
1855
1895
1962
2000
2052
2077
2065
2063
2074
2037
1995
1960
1905
1859
1805
1754
1709
1638
1550
1482
1407
1322
1262
1207
1052
925
878
846
775
686
621
570
460
340
317
357
383
430
583
796
996
1202
1439
1675
1899
2091
2239
2353
2441
2485
2490
2479
2476
2475
2447
2421
2405
2354
2287
2256
2232
2185
2148
2105
2022
1931
1857
1796
1736
1680
1636
1613
1598
1613
1645
1666
1712
1766
1787
1812
1856
1880
1890
1899
1902
1890
1853
1776
1679
1568
1439
1286
1123
969
811
639
471
331
211
105
21
0
0
79
191
292
528
805
997
1222
1495
1709
1879
2042
2167
2228
2241
2280
2329
2358
2414
2472
2467
2473
2502
2477
2437
2405
2352
2320
2252
2123
2031
1959
1820
1694
1627
1557
1490
1457
1469
1518
1581
1677
1782
1867
1972
2062
2088
2121
2157
2143
2105
2059
1993
1902
1776
1624
1462
1294
1142
991
834
691
561
438
328
225
122
32
0
50
215
325
432
683
931
1108
1354
1613
1799
1954
2088
2168
2193
2200
2243
2284
2304
2356
2396
2406
2480
2546
2530
2529
2540
2513
2505
2460
2341
2243
2167
2047
1929
1851
1805
1746
1704
1738
1796
1830
1922
2051
2119
2151
2190
2206
2207
2189
2144
2090
2019
1926
1825
1718
1610
1504
1385
1274
1159
1026
888
765
652
536
400
241
104
28
70
212
293
390
631
892
1089
1362
1640
1841
2018
2187
2293
2348
2386
2466
2542
2574
2613
2651
2654
2685
2696
2648
2621
2604
2517
2443
2388
2268
2122
2004
1879
1751
1651
1576
1525
1493
1500
1548
1610
1691
1799
1895
1975
2030
2064
2096
2119
2100
2057
1999
1939
1863
1807
1772
1704
1598
1481
1341
1191
1030
869
705
538
372
224
72
0
3
73
233
369
576
889
1143
1334
1621
1868
2001
2134
2304
2350
2313
2289
2334
2350
2350
END
